{
    "ArmGlobalSpace": {
        "templateGrp": "ArmGlobalSpace_TPL_grp", 
        "enum": [
            {
                "enumName": "Local", 
                "connected": "ControlGrp"
            }, 
            {
                "enumName": "Cog", 
                "connected": "Main.Cog.0_jnt.1"
            }, 
            {
                "enumName": "Global", 
                "connected": "Main.Root.0_jnt.0"
            }, 
            {
                "enumName": "Chest", 
                "connected": "SpineChain.Chest.0_jnt.0"
            }
        ], 
        "lastNode": "None", 
        "firstNodeInputName": "['Main.Cog.0_jnt.1|Main.Root.0_jnt.0|SpineChain.Chest.0_jnt.0|']", 
        "idNode": "ArmGlobalSpace", 
        "spaceType": 0, 
        "posNode": [
            16456.0, 
            16613.0, 
            0.0
        ], 
        "isTemplate": "[]", 
        "preScriptString": "# from maya import cmds \n# from Baguette.utils import rigUtils \n",
        "postScriptString": "# from maya import cmds \n# from Baguette.utils import rigUtils \n",
        "state": 1, 
        "typeNode": "a_spaceSwitch", 
        "firstNode": "None", 
        "lodMod": 1, 
        "lastNodeOutputName": "['Arm.HandIk.ctrl|Arm.ElbowPv.ctrl|Arm1.HandIk.ctrl|Arm1.ElbowPv.ctrl|', 0, True, True, True, True, True, True, True, True, True, True, '1.0', '0.0', '0.0', '0.0', '1.0', '0.0', 0, '0.0', '1.0', '0.0', '', True, True, True]", 
        "side": "None"
    }, 
    "Hand": {
        "prependName": false, 
        "prependNameTxt": "", 
        "templateGrp": "Hand_TPL_grp", 
        "locTemplates": [
            {
                "matrix": "maya.api.OpenMaya.MMatrix([0.2792730113827327, -1.7174316365724893, 2.4438566158457737, 0.0, 0.593683485421759, 2.4374597289451945, 1.6450926991838153, 0.0, -2.9273787770376916, 0.3304824404871774, 0.5667758395335385, 0.0, 51.86448325985927, 102.60712841196326, 5.454479375161001, 1.0])"
            }, 
            {
                "matrix": "maya.api.OpenMaya.MMatrix([0.4758464785087138, -0.714744151831829, 2.8744931599002035, 0.0, 0.4516897437845628, 2.89480951945924, 0.6450226518565041, 0.0, -2.9273787770376916, 0.3304824404871774, 0.5667758395335385, 0.0, 50.53993883658124, 94.11832861472762, 3.563001500888043, 1.0])"
            }, 
            {
                "matrix": "maya.api.OpenMaya.MMatrix([1.065367893422076, -2.691041188563721, 0.7894862716469265, 0.0, 2.638406917075289, 1.248041288501796, 0.6936871644509857, 0.0, -0.9506840650787627, 0.4479846689880507, 2.80989493482532, 0.0, 58.05632008789523, 93.37985666928482, 4.071314440243861, 1.0])"
            }, 
            {
                "matrix": "maya.api.OpenMaya.MMatrix([1.9690489856898608, -2.035058119539055, 0.9906485461816902, 0.0, 2.0540316210708753, 2.1582048527537494, 0.35086452255980033, 0.0, -0.9506840650787627, 0.4479846689880507, 2.80989493482532, 0.0, 54.369220488384464, 89.50576039607267, 3.4414933472568396, 1.0])"
            }, 
            {
                "matrix": "maya.api.OpenMaya.MMatrix([1.2383699605632046, -2.732013605496211, 0.050413293467929984, 0.0, 2.730247607003894, 1.2393844395964624, 0.09835758911071768, 0.0, -0.11039857437574961, 0.005279230034623287, 2.9979633560979435, 0.0, 58.66384414084288, 93.39578770613684, 1.6554824034743105, 1.0])"
            }, 
            {
                "matrix": "maya.api.OpenMaya.MMatrix([2.1637861484547827, -2.0763151266001456, 0.08333665944011956, 0.0, 2.0750522062182006, 2.165383943965056, 0.07259970170267874, 0.0, -0.11039857437574961, 0.005279230034623287, 2.9979633560979435, 0.0, 54.93901143621186, 89.50880456981194, 1.525161950601745, 1.0])"
            }, 
            {
                "matrix": "maya.api.OpenMaya.MMatrix([1.4413510882286955, -2.5711979145487023, -0.5580755546360756, 0.0, 2.5602787230191235, 1.517269440403449, -0.37797659408140727, 0.0, 0.6062012049786193, -0.29467733105587596, 2.923300424117278, 0.0, 57.81589899337914, 94.08362914581352, -0.8015391269525609, 1.0])"
            }, 
            {
                "matrix": "maya.api.OpenMaya.MMatrix([2.2891245353995275, -1.8237976076284252, -0.6585371271543726, 0.0, 1.8418547609717684, 2.363668241731615, -0.14367839961180637, 0.0, 0.6062012049786193, -0.29467733105587596, 2.923300424117278, 0.0, 54.50966851383306, 89.84071480210869, -0.5436285065742431, 1.0])"
            }, 
            {
                "matrix": "maya.api.OpenMaya.MMatrix([1.186782324338769, -2.482013717438851, -1.196309166178395, 0.0, 2.5059382829255825, 1.5138001733341635, -0.6547383885044776, 0.0, 1.1453475615746744, -0.7402816637326861, 2.672108160523468, 0.0, 56.79719407058455, 94.82175227948153, -2.8416207227943966, 1.0])"
            }, 
            {
                "matrix": "maya.api.OpenMaya.MMatrix([2.03258183910055, -1.7422806128599109, -1.3539089088306937, 0.0, 1.8859453943721634, 2.327324928838615, -0.16361126199857667, 0.0, 1.1453475615746744, -0.7402816637326861, 2.672108160523468, 0.0, 53.411818481934425, 90.64407617896536, -2.5479295194058786, 1.0])"
            }
        ], 
        "lastNode": "Left_Hand_0_jnt", 
        "firstNodeInputName": "['Arm.lastNode.none.0|']", 
        "idNode": "Hand", 
        "controlers": [
            {
                "controlerName": "Thumb", 
                "controlerShape": "custom|13|cmds.curve( per = True, p=[(-3.5665049996867415e-15, 3.566504999686742e-15, -3.2664939871870033), (-4.020791699499503e-15, -2.309760049045013, -2.309760049045016), (-4.0917972962695395e-15, -3.2664939871870033, -6.902315483904606e-15), (-3.737927674413361e-15, -2.309760049045013, 2.3097600490450105), (-3.1664748591024793e-15, 3.039282992640556e-15, 3.2664939871870033), (-2.7121881592897186e-15, 2.3097600490450136, 2.30976004904501), (-2.641182562519682e-15, 3.2664939871870033, -6.287529227083127e-15), (-2.9950521843758604e-15, 2.3097600490450136, -2.3097600490450167), (-3.5665049996867415e-15, 3.566504999686742e-15, -3.2664939871870033), (-4.020791699499503e-15, -2.309760049045013, -2.309760049045016), (-4.0917972962695395e-15, -3.2664939871870033, -6.902315483904606e-15)], k=[-2, -1, 0, 1, 2, 3, 4, 5, 6, 7, 8, 9, 10] )|y|1|0"
            }, 
            {
                "controlerName": "Index", 
                "controlerShape": "custom|13|cmds.curve( per = True, p=[(-1.2096618990004878e-16, 8.462612519113067e-15, -1.9755278009017805), (-3.957121433842273e-16, -1.396909104440192, -1.3969091044401978), (-4.38655290069652e-16, -1.9755278009017778, -1.0241171005081585e-16), (-2.2464011703897876e-16, -1.396909104440192, 1.3969091044401982), (1.2096618990004878e-16, 8.143756358271365e-15, 1.9755278009017823), (3.957121433842273e-16, 1.3969091044402062, 1.3969091044401978), (4.38655290069652e-16, 1.9755278009017865, 2.694020286939125e-16), (2.2464011703897876e-16, 1.3969091044402062, -1.3969091044401984), (-1.2096618990004878e-16, 8.462612519113067e-15, -1.9755278009017805), (-3.957121433842273e-16, -1.396909104440192, -1.3969091044401978), (-4.38655290069652e-16, -1.9755278009017778, -1.0241171005081585e-16)], k=[-2, -1, 0, 1, 2, 3, 4, 5, 6, 7, 8, 9, 10] )|y|1|0"
            }, 
            {
                "controlerName": "Middle", 
                "controlerShape": "custom|13|cmds.curve( per = True, p=[(-1.1243161295517391e-14, 1.2096618990004878e-16, -1.9755278009017694), (-1.1517907249001576e-14, -1.3969091044401982, -1.3969091044401891), (-1.1560850395687e-14, -1.9755278009017816, 1.1019783395566527e-14), (-1.1346835222656329e-14, -1.3969091044401982, 1.3969091044402087), (-1.1001228915717298e-14, -1.9788997094166023e-16, 1.9755278009017951), (-1.0726482962233123e-14, 1.3969091044401982, 1.3969091044402087), (-1.0683539815547693e-14, 1.9755278009017816, 1.139159713431126e-14), (-1.0897554988578362e-14, 1.3969091044401982, -1.3969091044401902), (-1.1243161295517391e-14, 1.2096618990004878e-16, -1.9755278009017694), (-1.1517907249001576e-14, -1.3969091044401982, -1.3969091044401891), (-1.1560850395687e-14, -1.9755278009017816, 1.1019783395566527e-14)], k=[-2, -1, 0, 1, 2, 3, 4, 5, 6, 7, 8, 9, 10] )|y|1|0"
            }, 
            {
                "controlerName": "Ring", 
                "controlerShape": "custom|13|cmds.curve( per = True, p=[(6.9323221863017595e-15, 9.021255423070255e-17, -1.4732828158047275), (6.7274258078274294e-15, -1.0417682696611301, -1.041768269661135), (6.695400239754254e-15, -1.473282815804722, -4.758065068355193e-15), (6.8550056255168e-15, -1.0417682696611301, 1.0417682696611257), (7.112747294763155e-15, -1.475797472834141e-16, 1.4732828158047144), (7.317643673237484e-15, 1.0417682696611301, 1.0417682696611257), (7.349669241310645e-15, 1.473282815804722, -4.480778769613833e-15), (7.190063855548101e-15, 1.0417682696611301, -1.0417682696611352), (6.9323221863017595e-15, 9.021255423070255e-17, -1.4732828158047275), (6.7274258078274294e-15, -1.0417682696611301, -1.041768269661135), (6.695400239754254e-15, -1.473282815804722, -4.758065068355193e-15)], k=[-2, -1, 0, 1, 2, 3, 4, 5, 6, 7, 8, 9, 10] )|y|1|0"
            }, 
            {
                "controlerName": "Pinky", 
                "controlerShape": "custom|13|cmds.curve( per = True, p=[(-2.431057467741518e-15, 9.021255423070255e-17, -1.4732828158047275), (-2.6359538462158436e-15, -1.0417682696611301, -1.041768269661135), (-2.6679794142890116e-15, -1.473282815804722, -4.758065068355193e-15), (-2.5083740285264625e-15, -1.0417682696611301, 1.0417682696611257), (-2.2506323592801128e-15, -1.475797472834141e-16, 1.4732828158047144), (-2.0457359808057843e-15, 1.0417682696611301, 1.0417682696611257), (-2.0137104127326194e-15, 1.473282815804722, -4.480778769613833e-15), (-2.1733157984951638e-15, 1.0417682696611301, -1.0417682696611352), (-2.431057467741518e-15, 9.021255423070255e-17, -1.4732828158047275), (-2.6359538462158436e-15, -1.0417682696611301, -1.041768269661135), (-2.6679794142890116e-15, -1.473282815804722, -4.758065068355193e-15)], k=[-2, -1, 0, 1, 2, 3, 4, 5, 6, 7, 8, 9, 10] )|y|1|0"
            }, 
            {
                "controlerName": "Hand", 
                "controlerShape": "custom|18|cmds.curve( degree=1, p=[(0.0, 0.0, 0.0), (-2.6911132651100296e-07, 4.485433410036141, -5.97547182846458e-23), (-0.2879657042360686, 4.542713665735762, -6.394123102905641e-17), (-0.5320906158220715, 4.705833079153535, -1.1814785057452853e-16), (0.5320906158220715, 5.770013558308136, 1.1814785057452833e-16), (0.2879649517465369, 5.933132971725906, 6.394106394281537e-17), (0.0, 5.990412474936008, 0.0), (-0.2879649517465369, 5.933132971725906, -6.394106394281537e-17), (-0.532089863332539, 5.770013558308136, -1.1814768348828749e-16), (0.5320906158220715, 4.705832326663993, 1.1814785057452833e-16), (0.6952092767503085, 4.949957238250007, 1.5436746919623913e-16), (0.75248953244993, 5.237922942486072, 1.6708624094306606e-16), (0.6952100292398404, 5.525887894232602, 1.5436763628247978e-16), (0.5320906158220715, 5.770013558308136, 1.1814785057452833e-16), (-0.5320906158220715, 4.705833079153535, -1.1814785057452853e-16), (-0.6952100292398404, 4.949957990739534, -1.5436763628247978e-16), (-0.75248953244993, 5.237923694975598, -1.6708624094306606e-16), (-0.6952092767503085, 5.525888646722137, -1.5436746919623894e-16), (-0.532089863332539, 5.770013558308136, -1.1814768348828749e-16), (0.5320906158220715, 4.705832326663993, 1.1814785057452833e-16), (0.2879649517465369, 4.542712913246225, 6.394106394281557e-17), (-2.6911132651100296e-07, 4.485433410036141, -5.97547182846458e-23)], k=[0, 1, 2, 3, 4, 5, 6, 7, 8, 9, 10, 11, 12, 13, 14, 15, 16, 17, 18, 19, 20, 21] )|y|1|0"
            }
        ], 
        "posNode": [
            17006.0, 
            16463.0, 
            0.0
        ], 
        "isTemplate": "[[u'Hand_Thumb_1_template', u'Hand_Thumb_2_template', u'Hand_Thumb_3_template', u'Hand_Thumb_4_template'], [u'Hand_Index_1_template', u'Hand_Index_2_template', u'Hand_Index_3_template', u'Hand_Index_4_template', u'Hand_Index_5_template'], [u'Hand_Middle_1_template', u'Hand_Middle_2_template', u'Hand_Middle_3_template', u'Hand_Middle_4_template', u'Hand_Middle_5_template'], [u'Hand_Ring_1_template', u'Hand_Ring_2_template', u'Hand_Ring_3_template', u'Hand_Ring_4_template', u'Hand_Ring_5_template'], [u'Hand_Pinky_1_template', u'Hand_Pinky_2_template', u'Hand_Pinky_3_template', u'Hand_Pinky_4_template', u'Hand_Pinky_5_template'], u'Hand_Hand_template']", 
        "preScriptString": "# from maya import cmds \n# from Baguette.utils import rigUtils \n",
        "postScriptString": "# from maya import cmds \n# from Baguette.utils import rigUtils \n",
        "state": 1, 
        "typeNode": "f_handNode", 
        "firstNode": "Hand_RIG_grp", 
        "lodMod": 1, 
        "templateJoints": [
            [
                {
                    "matrix": "maya.api.OpenMaya.MMatrix([0.09309100379424423, -0.5724772121908298, 0.8146188719485913, 0.0, 0.19789449514058632, 0.8124865763150648, 0.5483642330612718, 0.0, -0.9757929256792306, 0.11016081349572582, 0.18892527984451288, 0.0, 50.53993883658127, 94.11832861472769, 3.5630015008880354, 1.0])"
                }, 
                {
                    "matrix": "maya.api.OpenMaya.MMatrix([0.2253951081852932, -0.7916119040248437, 0.567932776490582, 0.0, 0.2814127201245269, 0.6109846400779486, 0.7399355718851028, 0.0, -0.9327400099482462, -0.006954350795099831, 0.36048260824450884, 0.0, 50.83301510249382, 92.31601177603783, 6.127647357111345, 1.0])"
                }, 
                {
                    "matrix": "maya.api.OpenMaya.MMatrix([0.14197132334815643, -0.9261249059318861, 0.3494807604996708, 0.0, 0.3314215098458737, 0.3771528809616518, 0.8648210723576336, 0.0, -0.9327400099482462, -0.006954350795099831, 0.36048260824450884, 0.0, 51.51941371766013, 89.90530588695904, 7.857180328919363, 1.0])"
                }, 
                {
                    "matrix": "maya.api.OpenMaya.MMatrix([0.14197132334815643, -0.9261249059318861, 0.3494807604996708, 0.0, 0.3314215098458737, 0.3771528809616518, 0.8648210723576336, 0.0, -0.9327400099482462, -0.006954350795099831, 0.36048260824450884, 0.0, 51.897735576717935, 87.4373899172483, 8.788468478519345, 1.0])"
                }
            ], 
            [
                {
                    "matrix": "maya.api.OpenMaya.MMatrix([0.27759829347731513, -0.9496894684812499, 0.14501414039425145, 0.0, 0.9440207958335726, 0.2976569998306212, 0.1422147934835957, 0.0, -0.1782243655963761, 0.09741778024382773, 0.9791556830249899, 0.0, 51.85360366910254, 94.05248025691992, 2.8077231111642575, 1.0])"
                }, 
                {
                    "matrix": "maya.api.OpenMaya.MMatrix([0.35512263114069204, -0.8970137295212405, 0.26316209054897555, 0.0, 0.8794689723584295, 0.41601376283393193, 0.23122905481699518, 0.0, -0.31689468835958745, 0.14932822299601686, 0.9366316449417731, 0.0, 54.36922048838443, 89.50576039607273, 3.4414933472568108, 1.0])"
                }, 
                {
                    "matrix": "maya.api.OpenMaya.MMatrix([0.1625143384290932, -0.964374705834389, 0.20873551818459196, 0.0, 0.9344339710725601, 0.21836324911414867, 0.28133724449826764, 0.0, -0.31689468835958745, 0.14932822299601686, 0.9366316449417731, 0.0, 55.86652108629431, 85.72368886424354, 4.551061482243066, 1.0])"
                }, 
                {
                    "matrix": "maya.api.OpenMaya.MMatrix([-0.010496582150473638, -0.9880198079256027, 0.15396974024078175, 0.0, 0.9484026456377262, 0.038960761844544334, 0.31466566508574517, 0.0, -0.31689468835958745, 0.14932822299601686, 0.9366316449417731, 0.0, 56.18621633646523, 83.82658848639112, 4.961682196394404, 1.0])"
                }, 
                {
                    "matrix": "maya.api.OpenMaya.MMatrix([-0.010496582150473638, -0.9880198079256027, 0.15396974024078175, 0.0, 0.9484026456377262, 0.038960761844544334, 0.31466566508574517, 0.0, -0.31689468835958745, 0.14932822299601686, 0.9366316449417731, 0.0, 56.16660816559373, 81.98091520526498, 5.249305818294246, 1.0])"
                }
            ], 
            [
                {
                    "matrix": "maya.api.OpenMaya.MMatrix([0.42335557177495636, -0.9022888381301768, -0.08151633230706176, 0.0, 0.8741940488773129, 0.4304715089892622, -0.22467542112122044, 0.0, 0.23781258325536525, 0.023856498783414556, 0.971018044482803, 0.0, 51.81405630654849, 94.26272411085287, 1.6685612447308713, 1.0])"
                }, 
                {
                    "matrix": "maya.api.OpenMaya.MMatrix([0.41278998685440144, -0.9106712018320701, 0.016804431155976657, 0.0, 0.9100825356679647, 0.41312814653215413, 0.03278586303690589, 0.0, -0.03679952479191653, 0.0017597433448744287, 0.9993211186993144, 0.0, 54.93901143621188, 89.50880456981183, 1.5251619506017506, 1.0])"
                }, 
                {
                    "matrix": "maya.api.OpenMaya.MMatrix([0.12263334609710569, -0.9924322801343411, 0.0062635271516806625, 0.0, 0.9917695586173819, 0.12278058743430298, 0.03630523308244791, 0.0, -0.03679952479191653, 0.0017597433448744287, 0.9993211186993144, 0.0, 56.73150978963467, 85.55430789649677, 1.5981334764055457, 1.0])"
                }, 
                {
                    "matrix": "maya.api.OpenMaya.MMatrix([-0.0069281383299064775, -0.9999748664634169, 0.001505769156590996, 0.0, 0.9992986519926716, -0.006868023356936842, 0.03681079163503238, 0.0, -0.03679952479191653, 0.0017597433448744287, 0.9993211186993144, 0.0, 56.99737346896478, 83.40275853508967, 1.611712526697589, 1.0])"
                }, 
                {
                    "matrix": "maya.api.OpenMaya.MMatrix([-0.0069281383299064775, -0.9999748664634169, 0.001505769156590996, 0.0, 0.9992986519926716, -0.006868023356936842, 0.03681079163503238, 0.0, -0.03679952479191653, 0.0017597433448744287, 0.9993211186993144, 0.0, 56.98059601078676, 80.98117921575779, 1.6153589577945977, 1.0])"
                }
            ], 
            [
                {
                    "matrix": "maya.api.OpenMaya.MMatrix([0.20129628120066376, -0.962491203456645, -0.18190791748399113, 0.0, 0.9246549389685322, 0.24799952644516574, -0.2889800663092064, 0.0, 0.3232538491895853, -0.11003144164988814, 0.9398936274028907, 0.0, 51.55764925754989, 94.18867291412387, 0.07205073232281256, 1.0])"
                }, 
                {
                    "matrix": "maya.api.OpenMaya.MMatrix([0.48045036274289843, -0.857065971516234, -0.18602518487869185, 0.0, 0.853426241006374, 0.5057564801344827, -0.12599219802713568, 0.0, 0.2020670683262064, -0.09822577701862531, 0.9744334747057593, 0.0, 54.50966851383309, 89.84071480210864, -0.543628506574255, 1.0])"
                }, 
                {
                    "matrix": "maya.api.OpenMaya.MMatrix([0.3164475354269639, -0.9350404087938465, -0.15987617472543278, 0.0, 0.9268386360204525, 0.3406627814301467, -0.1578575691185676, 0.0, 0.2020670683262064, -0.09822577701862531, 0.9744334747057593, 0.0, 56.373817649258214, 86.51529575011125, -1.2654068929597866, 1.0])"
                }, 
                {
                    "matrix": "maya.api.OpenMaya.MMatrix([0.22391358989240817, -0.9639712862244498, -0.1436038425540027, 0.0, 0.9534314889699977, 0.24720650489796495, -0.1727927654058053, 0.0, 0.2020670683262064, -0.09822577701862531, 0.9744334747057593, 0.0, 57.07435574558587, 84.44534305769399, -1.6193339694945148, 1.0])"
                }, 
                {
                    "matrix": "maya.api.OpenMaya.MMatrix([0.22391358989240817, -0.9639712862244498, -0.1436038425540027, 0.0, 0.9534314889699977, 0.24720650489796495, -0.1727927654058053, 0.0, 0.2020670683262064, -0.09822577701862531, 0.9744334747057593, 0.0, 57.54005360007628, 82.44046537250803, -1.9180027613535473, 1.0])"
                }
            ], 
            [
                {
                    "matrix": "maya.api.OpenMaya.MMatrix([0.3846705355453713, -0.8457433897957984, -0.36979277670061284, 0.0, 0.7877284393180513, 0.5096099701443985, -0.3460947619062912, 0.0, 0.48115744301921004, -0.15816382944952165, 0.862248060642109, 0.0, 51.2255694056374, 94.05510278362023, -1.5184613973969614, 1.0])"
                }, 
                {
                    "matrix": "maya.api.OpenMaya.MMatrix([0.39559410811292295, -0.8273379058129502, -0.3987697220594649, 0.0, 0.835312760975194, 0.5046000577780544, -0.2182461295014925, 0.0, 0.3817825205248915, -0.24676055457756202, 0.8907027201744894, 0.0, 53.41181848193441, 90.64407617896528, -2.5479295194058658, 1.0])"
                }, 
                {
                    "matrix": "maya.api.OpenMaya.MMatrix([0.270552861556303, -0.8916497510393854, -0.3629901797226725, 0.0, 0.8837665167482623, 0.37956547547949626, -0.2736545152170288, 0.0, 0.3817825205248915, -0.24676055457756202, 0.8907027201744894, 0.0, 54.66832694087281, 88.01623856527272, -3.814524543599701, 1.0])"
                }, 
                {
                    "matrix": "maya.api.OpenMaya.MMatrix([0.12052732937053312, -0.9421795184596166, -0.31268341476645684, 0.0, 0.9163597928196477, 0.22673108234156836, -0.3299662807072157, 0.0, 0.3817825205248915, -0.24676055457756202, 0.8907027201744894, 0.0, 55.14862621166058, 86.43333634513401, -4.4589232670914525, 1.0])"
                }, 
                {
                    "matrix": "maya.api.OpenMaya.MMatrix([0.12052732937053312, -0.9421795184596166, -0.31268341476645684, 0.0, 0.9163597928196477, 0.22673108234156836, -0.3299662807072157, 0.0, 0.3817825205248915, -0.24676055457756202, 0.8907027201744894, 0.0, 55.372312585748865, 84.68474769453383, -5.039231647372809, 1.0])"
                }
            ], 
            {
                "matrix": "maya.api.OpenMaya.MMatrix([0.5566303330522686, -0.8307139121711311, -0.008778863904559975, 0.0, 0.8307566554545227, 0.5565655216915009, 0.00884304711526937, 0.0, -0.0024600292957389445, -0.012215407877011971, 0.9999223630193808, 0.0, 50.007266998291016, 97.01951599121094, 1.3240606784820557, 1.0])"
            }
        ], 
        "lastNodeOutputName": "", 
        "side": "Left"
    }, 
    "PelvisSpace": {
        "templateGrp": "PelvisSpace_TPL_grp", 
        "enum": [
            {
                "enumName": "Local", 
                "connected": "ControlGrp"
            }, 
            {
                "enumName": "Pelvis", 
                "connected": "Pelvis.lastNode.none.0"
            }
        ], 
        "lastNode": "None", 
        "firstNodeInputName": "['Pelvis.lastNode.none.0|']", 
        "idNode": "PelvisSpace", 
        "spaceType": 0, 
        "posNode": [
            16756.0, 
            15963.0, 
            0.0
        ], 
        "isTemplate": "[]", 
        "preScriptString": "# from maya import cmds \n# from Baguette.utils import rigUtils \n",
        "postScriptString": "# from maya import cmds \n# from Baguette.utils import rigUtils \n",
        "state": 1, 
        "typeNode": "a_spaceSwitch", 
        "firstNode": "None", 
        "lodMod": 1, 
        "lastNodeOutputName": "['SpineChain.SpineIk1.ctrl|', 0, True, True, True, True, True, True, True, True, True, True, '1.0', '0.0', '0.0', '0.0', '1.0', '0.0', 0, '0.0', '1.0', '0.0', '', True, True, True]", 
        "side": "None"
    }, 
    "Leg": {
        "prependName": false, 
        "prependNameTxt": "", 
        "templateGrp": "Leg_TPL_grp", 
        "lastNode": "Left_Foot_0_jnt", 
        "firstNodeInputName": "['Pelvis.lastNode.none.0|']", 
        "numTwist": 1, 
        "idNode": "Leg", 
        "controlerConnections": {
            "Leg.controlers[0].controlerInput[0].controlerInputName": "[u'LegGlobalSpace.lastNode.none.0|']", 
            "Leg.controlers[1].controlerInput[0].controlerInputName": "[u'LegGlobalSpace.lastNode.none.0|']"
        }, 
        "controlers": [
            {
                "controlerName": "LegIk", 
                "controlerShape": "custom|7|cmds.curve( degree=1, p=[(-6.241087639967682, 6.597107401506755, -6.729035688937395), (-6.241087639967682, 6.597107401506755, 6.478273385160479), (-6.241087639967682, -6.610201672591128, 6.478273385160479), (-6.241087639967682, -6.610201672591128, -6.729035688937395), (-6.241087639967682, 6.597107401506755, -6.729035688937395), (6.966221434130203, 6.597107401506749, -6.729035688937395), (6.966221434130203, -6.610201672591129, -6.729035688937395), (-6.241087639967682, -6.610201672591128, -6.729035688937395), (-6.241087639967682, -6.610201672591128, 6.478273385160479), (6.966221434130203, -6.610201672591129, 6.478273385160479), (6.966221434130203, -6.610201672591129, -6.729035688937395), (6.966221434130203, -6.610201672591129, 6.478273385160479), (6.966221434130203, 6.597107401506749, 6.478273385160479), (-6.241087639967682, 6.597107401506755, 6.478273385160479), (-6.241087639967682, 6.597107401506755, -6.729035688937395), (6.966221434130203, 6.597107401506749, -6.729035688937395), (6.966221434130203, 6.597107401506749, 6.478273385160479)], k=[0, 1, 2, 3, 4, 5, 6, 7, 8, 9, 10, 11, 12, 13, 14, 15, 16] )|y|1|0"
            }, 
            {
                "controlerName": "LegPv", 
                "controlerShape": "custom|7|cmds.curve( degree=1, p=[(1.2028556219856754e-14, 1.2409671991251334e-14, 1.7163928460378435), (1.2028556219856754e-14, -1.1647440448462089e-14, 1.7163928460378435), (-1.2028556219856754e-14, -1.1647440448462089e-14, 1.7163928460378435), (-1.2028556219856754e-14, 1.2409671991251334e-14, 1.7163928460378435), (1.2028556219856754e-14, 1.2409671991251334e-14, 1.7163928460378435), (1.7163928460378477, 1.7163928460378446, -1.7163928460378453), (-1.7163928460378477, 1.7163928460378446, -1.7163928460378453), (-1.2028556219856754e-14, 1.2409671991251334e-14, 1.7163928460378435), (-1.2028556219856754e-14, -1.1647440448462089e-14, 1.7163928460378435), (-1.7163928460378477, -1.7163928460378453, -1.7163928460378446), (-1.7163928460378477, 1.7163928460378446, -1.7163928460378453), (-1.7163928460378477, -1.7163928460378453, -1.7163928460378446), (1.7163928460378477, -1.7163928460378453, -1.7163928460378446), (1.2028556219856754e-14, -1.1647440448462089e-14, 1.7163928460378435), (1.2028556219856754e-14, 1.2409671991251334e-14, 1.7163928460378435), (1.7163928460378477, 1.7163928460378446, -1.7163928460378453), (1.7163928460378477, -1.7163928460378453, -1.7163928460378446)], k=[0, 1, 2, 3, 4, 5, 6, 7, 8, 9, 10, 11, 12, 13, 14, 15, 16] )|y|1|0"
            }, 
            {
                "controlerName": "UpLeg", 
                "controlerShape": "custom|14|cmds.curve( degree=1, p=[(-8.88894359744795, 1.6116373788502785, -1.8150980971663028e-07), (-7.961820742418553, 1.6116366843083465, 7.148248979081316), (-5.32157898396762, 1.6116360955061633, 13.208261014305272), (-1.3701745551702984, 1.6116357020757557, 17.257428119425718), (3.290810147026358, 1.6116355639208084, 18.679296156689457), (7.951794849223018, 1.611635702075754, 17.257428119425718), (11.903199278020342, 1.6116360955061586, 13.208261014305272), (14.543441036471288, 1.6116366843083423, 7.148248979081316), (15.470563891500658, 1.611637378850272, -1.8150980971663028e-07), (14.543441036471288, 1.611639740297467, -7.148249342100909), (11.903199278020342, 1.6116417422226919, -13.208261377324899), (7.951794849223018, 1.611643079876328, -17.25740980314904), (3.290810147026358, 1.6116435495885313, -18.679296519709098), (-1.3701745551702984, 1.6116430798763297, -17.25740980314904), (-5.32157898396762, 1.6116417422226963, -13.208261377324899), (-7.961820742418553, 1.611639740297471, -7.148249342100909), (-8.88894359744795, 1.6116373788502785, -1.8150980971663028e-07), (-7.961820742418569, -3.0493473233463892, -2.7379209479699086e-06), (-5.3215789839676235, -7.000751752143733, -4.905148947016805e-06), (-1.3701745551702993, -9.64099351059466, -6.353242716339372e-06), (3.2908101470263564, -10.568116365624016, -6.861749200554175e-06), (7.951794849223018, -9.64099351059466, -6.353242716339372e-06), (11.903199278020342, -7.000751752143739, -4.905148947016805e-06), (14.543441036471288, -3.0493473233463915, -2.7379209479699086e-06), (15.470563891500658, 1.611637378850272, -1.8150980971663028e-07), (14.543441036471288, 6.272622081046938, -1.8150980971663028e-07), (11.903199278020342, 10.224026509844261, -1.8150980971663028e-07), (7.951794849223022, 12.864268268295206, -1.8150980971663028e-07), (3.290810147026362, 13.791391123324589, -1.8150980971663028e-07), (3.290810147026362, 12.864268268295206, -7.148249342100909), (3.2908101470263613, 10.224026509844265, -13.208242698028542), (3.2908101470263595, 6.272634260800671, -17.25740980314904), (3.290810147026358, 1.6116435495885313, -18.679296519709098), (3.290810147026358, -3.0493473233463915, -17.257428482445373), (3.2908101470263564, -7.000739572389993, -13.208261377324899), (3.2908101470263564, -9.640981330840905, -7.14826802139725), (3.2908101470263564, -10.568116365624016, -6.861749200554175e-06), (3.2908101470263564, -9.64099351059466, 7.148248979081316), (3.2908101470263564, -7.000751752143733, 13.208261014305272), (3.290810147026358, -3.0493595031001313, 17.25740944012942), (3.290810147026358, 1.6116355639208084, 18.679296156689457), (3.2908101470263595, 6.272622081046938, 17.257428119425718), (3.2908101470263613, 10.224026509844265, 13.208261014305272), (3.290810147026362, 12.864268268295206, 7.148248979081316), (3.290810147026362, 13.791391123324589, -1.8150980971663028e-07), (-1.3701745551702977, 12.864268268295206, -1.8150980971663028e-07), (-5.32157898396762, 10.224026509844265, -1.8150980971663028e-07), (-7.961820742418553, 6.272622081046942, -1.8150980971663028e-07), (-8.88894359744795, 1.6116373788502785, -1.8150980971663028e-07)], k=[0, 1, 2, 3, 4, 5, 6, 7, 8, 9, 10, 11, 12, 13, 14, 15, 16, 17, 18, 19, 20, 21, 22, 23, 24, 25, 26, 27, 28, 29, 30, 31, 32, 33, 34, 35, 36, 37, 38, 39, 40, 41, 42, 43, 44, 45, 46, 47, 48] )|y|1|0"
            }, 
            {
                "controlerName": "Knee", 
                "controlerShape": "custom|14|cmds.curve( per = True, p=[(-0.15023045014818592, 7.449082213707959, -8.541937497348977), (-0.03475953044947294, 0.11450070795953454, -11.580397107383703), (0.08071138924924032, -7.220080797788893, -8.541937497348973), (0.1285410102481425, -10.258163931800768, -1.2064470980803026), (0.08071138924924132, -7.220080797788893, 6.129043301188376), (-0.03475953044947164, 0.11450070795953345, 9.167502911223098), (-0.15023045014818506, 7.449082213707959, 6.129043301188376), (-0.19806007114708726, 10.487165347719847, -1.2064470980802997), (-0.15023045014818592, 7.449082213707959, -8.541937497348977), (-0.03475953044947294, 0.11450070795953454, -11.580397107383703), (0.08071138924924032, -7.220080797788893, -8.541937497348973)], k=[-2, -1, 0, 1, 2, 3, 4, 5, 6, 7, 8, 9, 10] )|y|1|0"
            }, 
            {
                "controlerName": "Foot", 
                "controlerShape": "custom|14|cmds.curve( per = True, p=[(-3.8645986968182164, 6.118868281358251, -5.7431904206976165), (-6.083459325375651, -0.544336485957106, -7.366229577457298), (-4.77387440426051, -7.1315449843468794, -4.749061662011102), (-0.7029810191827025, -9.784059813633647, 0.5752118557803294), (3.744546695854102, -6.94807376121698, 5.487703758978676), (5.963407324411545, -0.2848689939016301, 7.110742915738359), (4.653822403296397, 6.30233950448815, 4.4935750002921635), (0.5829290182185787, 8.954854333774904, -0.8306985174992629), (-3.8645986968182164, 6.118868281358251, -5.7431904206976165), (-6.083459325375651, -0.544336485957106, -7.366229577457298), (-4.77387440426051, -7.1315449843468794, -4.749061662011102)], k=[-2, -1, 0, 1, 2, 3, 4, 5, 6, 7, 8, 9, 10] )|y|1|0"
            }, 
            {
                "controlerName": "Toe", 
                "controlerShape": "custom|14|cmds.curve( per = True, p=[(-0.20190367082451957, 6.74203825850654, -5.034841348392771), (-6.427641387401547e-15, 0.6844643982150721, -6.538505556927551), (0.20190367082450572, -5.3385379646266795, -4.767621890870758), (0.2855349095729328, -7.798775732071237, -0.7595499844134863), (0.20190367082450678, -5.255074986612106, 3.1378359986081836), (-5.343113565573337e-15, 0.8024988736793389, 4.641500207142965), (-0.2019036708245188, 6.825501236521123, 2.870616541086168), (-0.28553490957294425, 9.285739003965704, -1.1374553653710973), (-0.20190367082451957, 6.74203825850654, -5.034841348392771), (-6.427641387401547e-15, 0.6844643982150721, -6.538505556927551), (0.20190367082450572, -5.3385379646266795, -4.767621890870758)], k=[-2, -1, 0, 1, 2, 3, 4, 5, 6, 7, 8, 9, 10] )|y|1|0"
            }, 
            {
                "controlerName": "Heel", 
                "controlerShape": "custom|19|cmds.curve( degree=1, p=[(1.0561630477996313e-15, 4.756535508512907, 0.0), (1.1160793287746571e-15, 5.026374449185459, -1.6331679956143936), (1.0602753444295151e-15, 4.775055646082889, -1.5515095958336735), (9.019241244772062e-16, 4.061905150912007, -2.951146684731369), (6.552861996869928e-16, 2.951146684731369, -4.061904747695491), (3.4450431286127e-16, 1.5515094950295443, -4.775055242866385), (0.0, 0.0, -5.020789900507135), (-3.4450431286127e-16, -1.5515094950295443, -4.775054839649868), (-6.552860653889154e-16, -2.951146079906598, -4.061903941262477), (-9.019237663490032e-16, -4.061903538045965, -2.9511456766900865), (-1.0602749863013115e-15, -4.775054033216844, -1.5515089910089057), (-1.1148390412735421e-15, -5.020788690857605, 0.0), (-1.0602749863013115e-15, -4.775054033216844, 1.5515089910089057), (-9.019236768169502e-16, -4.0619031348294445, 2.951145475081831), (-6.55285931090839e-16, -2.951145475081831, 4.0619031348294445), (-3.445042009462064e-16, -1.5515089910089057, 4.775053226783826), (-3.6263600806432687e-16, -1.6331673907896267, 5.0263720298864), (-3.1476111644495466e-23, -1.417558046732219e-07, 4.7565359117294275), (-2.9010880197485906e-16, -1.3065338924708763, 4.021097623909123), (-3.082406090929791e-16, -1.3881922922515955, 4.272416023795179), (-5.863084693724383e-16, -2.640498604189879, 3.634334362572854), (-8.069844272350052e-16, -3.6343347657893625, 2.640498604189879), (-9.486671071430752e-16, -4.2724168302282, 1.3881922922515955), (-9.974875915180277e-16, -4.492284745467283, 0.0), (-9.486671071430752e-16, -4.2724168302282, -1.3881922922515955), (-8.069844272350052e-16, -3.6343347657893625, -2.6404988057981313), (-5.863085589044889e-16, -2.6404990074063885, -3.634335169005872), (-3.0824069862503026e-16, -1.3881926954681076, -4.272417636661228), (0.0, 0.0, -4.492285551900311), (3.0824069862503026e-16, 1.3881926954681076, -4.272417636661228), (5.863086932025633e-16, 2.6404996122311464, -3.634335975438903), (8.069846958311595e-16, 3.634335975438903, -2.6404996122311464), (9.48667465271281e-16, 4.272418443094254, -1.388192796272235), (8.928634809261375e-16, 4.021099639991677, -1.306534396491513), (1.0561630477996313e-15, 4.756535508512907, 0.0)], k=[0, 1, 2, 3, 4, 5, 6, 7, 8, 9, 10, 11, 12, 13, 14, 15, 16, 17, 18, 19, 20, 21, 22, 23, 24, 25, 26, 27, 28, 29, 30, 31, 32, 33, 34] )|y|1|0"
            }, 
            {
                "controlerName": "ToeSideRt", 
                "controlerShape": "custom|19|cmds.curve( degree=1, p=[(3.6965706672987095e-16, 1.6647874279795174, 0.0), (-0.5716087984650372, 1.7592310572149141, -1.269226498268412e-16), (-0.5430283585417859, 1.6712694761290126, -1.2057651733549917e-16), (-1.032901339655979, 1.4216668028192045, -2.2935016989044747e-16), (-1.4216666616934244, 1.0329013396559792, -3.1567341223080456e-16), (-1.6712693350032333, 0.5430283232603413, -3.7109633921411273e-16), (-1.7572764651775004, 4.0315473806099275e-16, -3.901937584543936e-16), (-1.671269193877454, -0.543028323260341, -3.710963078778948e-16), (-1.4216663794418667, -1.0329011279673093, -3.1567334955836874e-16), (-1.0329009868415309, -1.421666238316088, -2.293500915499024e-16), (-0.543028146853117, -1.6712689116258979, -1.205764703311722e-16), (-0.5716085867763695, -1.759230351586019, -1.2692260282251444e-16), (-3.69657160738525e-16, -1.6647878513568568, 0.0), (-0.4572868623648067, -1.4073843094939693, -1.0153808069120067e-16), (-0.4858673022880582, -1.4953458905798729, -1.0788421318254257e-16), (-0.924174582029347, -1.2720171680262786, -2.052079799484623e-16), (-1.2720173091520555, -0.9241746525922363, -2.8244458086846957e-16), (-1.4953461728314301, -0.485867443413837, -3.320335501725125e-16), (-1.5722999431651083, 3.6208169931034447e-16, -3.4912071970374566e-16), (-1.4953461728314301, 0.4858674434138374, -3.320335501725125e-16), (-1.2720175914036134, 0.9241748642809047, -2.824446435409053e-16), (-0.9241748642809047, 1.2720175914036136, -2.052080426208979e-16), (-0.48586747869528113, 1.4953464550829882, -1.0788425235281492e-16), (-0.45728703877202964, 1.4073848739970878, -1.0153811986147283e-16), (3.6965706672987095e-16, 1.6647874279795174, 0.0)], k=[0, 1, 2, 3, 4, 5, 6, 7, 8, 9, 10, 11, 12, 13, 14, 15, 16, 17, 18, 19, 20, 21, 22, 23, 24] )|y|1|0"
            }, 
            {
                "controlerName": "ToeSideLt", 
                "controlerShape": "custom|19|cmds.curve( degree=1, p=[(3.6965706672987095e-16, -1.6647874279795174, 0.0), (0.5716087984650383, -1.7592310572149135, -1.269226498268412e-16), (0.5430283585417863, -1.671269476129012, -1.2057651733549917e-16), (1.0329013396559792, -1.4216668028192045, -2.2935016989044747e-16), (1.4216666616934244, -1.032901339655979, -3.1567341223080456e-16), (1.6712693350032342, -0.543028323260341, -3.7109633921411273e-16), (1.7572764651775004, 3.901937584543936e-16, -3.901937584543936e-16), (1.671269193877454, 0.5430283232603413, -3.710963078778948e-16), (1.4216663794418654, 1.03290112796731, -3.1567334955836874e-16), (1.0329009868415293, 1.4216662383160887, -2.293500915499024e-16), (0.5430281468531164, 1.6712689116258979, -1.205764703311722e-16), (0.5716085867763694, 1.759230351586019, -1.2692260282251444e-16), (-3.69657160738525e-16, 1.6647878513568568, 0.0), (0.45728686236480603, 1.4073843094939693, -1.0153808069120067e-16), (0.48586730228805786, 1.4953458905798729, -1.0788421318254257e-16), (0.9241745820293465, 1.2720171680262786, -2.052079799484623e-16), (1.2720173091520555, 0.9241746525922363, -2.8244458086846957e-16), (1.4953461728314301, 0.4858674434138374, -3.320335501725125e-16), (1.5722999431651083, 3.4912071970374566e-16, -3.4912071970374566e-16), (1.4953461728314301, -0.485867443413837, -3.320335501725125e-16), (1.2720175914036136, -0.9241748642809047, -2.824446435409053e-16), (0.9241748642809047, -1.2720175914036134, -2.052080426208979e-16), (0.485867478695282, -1.4953464550829882, -1.0788425235281492e-16), (0.4572870387720301, -1.4073848739970878, -1.0153811986147283e-16), (3.6965706672987095e-16, -1.6647874279795174, 0.0)], k=[0, 1, 2, 3, 4, 5, 6, 7, 8, 9, 10, 11, 12, 13, 14, 15, 16, 17, 18, 19, 20, 21, 22, 23, 24] )|y|1|0"
            }, 
            {
                "controlerName": "ToeTip", 
